1 0.0 0.0 -5.00 -1.04813672
1 0.0 0.0 -4.80 -1.03415514
1 0.0 0.0 -4.60 -1.06344723
1 0.0 0.0 -4.40 -1.11206856
1 0.0 0.0 -4.20 -1.14417237
1 0.0 0.0 -4.00 -1.14280628
1 0.0 0.0 -3.80 -1.12349141
1 0.0 0.0 -3.60 -1.11648797
1 0.0 0.0 -3.40 -1.13261249
1 0.0 0.0 -3.20 -1.15076694
1 0.0 0.0 -3.00 -1.14217171
1 0.0 0.0 -2.80 -1.10251587
1 0.0 0.0 -2.60 -1.05859632
1 0.0 0.0 -2.40 -1.04562805
1 0.0 0.0 -2.20 -1.07713062
1 0.0 0.0 -2.00 -1.13133404
1 0.0 0.0 -1.80 -1.15165155
1 0.0 0.0 -1.60 -1.01663193
1 0.0 0.0 -1.40 -.37429597
1 0.0 0.0 -1.20 1.84222298
1 0.0 0.0 -1.00 8.55177696
1 0.0 0.0 -.80 27.04438902
1 0.0 0.0 -.60 74.42402634
1 0.0 0.0 -.40 194.62818717
1 0.0 0.0 -.20 585.46351816
1 0.0 0.0 0 -179.68723030
1 0.0 0.0 .20 585.20565275
1 0.0 0.0 .40 194.18187232
1 0.0 0.0 .60 73.84928215
1 0.0 0.0 .80 26.32023655
1 0.0 0.0 1.00 7.67658410
1 0.0 0.0 1.20 .87661786
1 0.0 0.0 1.40 -1.30528500
1 0.0 0.0 1.60 -1.75661529
1 0.0 0.0 1.80 -1.57972032
1 0.0 0.0 2.00 -1.19839589
1 0.0 0.0 2.20 -.78469309
1 0.0 0.0 2.40 -.42372801
1 0.0 0.0 2.60 -.20720991
1 0.0 0.0 2.80 -.09627083
1 0.0 0.0 3.00 -.04514189
1 0.0 0.0 3.20 -.02229959
1 0.0 0.0 3.40 -.01206129
1 0.0 0.0 3.60 -.00751570
1 0.0 0.0 3.80 -.00551648
1 0.0 0.0 4.00 -.00454846
1 0.0 0.0 4.20 -.00394071
1 0.0 0.0 4.40 -.00342223
1 0.0 0.0 4.60 -.00290494
1 0.0 0.0 4.80 -.00237722
1 0.0 0.0 5.00 -.00184775
1 0.0 0.0 5.20 -.00134084
1 0.0 0.0 5.40 -.00089156
1 0.0 0.0 5.60 -.00049813
1 0.0 0.0 5.80 -.00017620
1 0.0 0.0 6.00 .00007423
2 .495092598 0.0 -5.00 .27169798
2 .495092598 0.0 -4.80 .37707311
2 .495092598 0.0 -4.60 .17622628
2 .495092598 0.0 -4.40 -.22073445
2 .495092598 0.0 -4.20 -.62822007
2 .495092598 0.0 -4.00 -.91751270
2 .495092598 0.0 -3.80 -1.06348025
2 .495092598 0.0 -3.60 -1.09594963
2 .495092598 0.0 -3.40 -1.02841133
2 .495092598 0.0 -3.20 -.83530971
2 .495092598 0.0 -3.00 -.49752007
2 .495092598 0.0 -2.80 -.07541130
2 .495092598 0.0 -2.60 .27061210
2 .495092598 0.0 -2.40 .36509252
2 .495092598 0.0 -2.20 .15394380
2 .495092598 0.0 -2.00 -.24714283
2 .495092598 0.0 -1.80 -.64031096
2 .495092598 0.0 -1.60 -.84457325
2 .495092598 0.0 -1.40 -.64762523
2 .495092598 0.0 -1.20 .46979639
2 .495092598 0.0 -1.00 3.83784321
2 .495092598 0.0 -.80 12.28396221
2 .495092598 0.0 -.60 30.41165008
2 .495092598 0.0 -.40 62.31112408
2 .495092598 0.0 -.20 102.35927582
2 .495092598 0.0 0 123.21728981
2 .495092598 0.0 .20 102.21406120
2 .495092598 0.0 .40 61.99968083
2 .495092598 0.0 .60 29.91922804
2 .495092598 0.0 .80 11.60599060
2 .495092598 0.0 1.00 2.99701995
2 .495092598 0.0 1.20 -.46852759
2 .495092598 0.0 1.40 -1.58885574
2 .495092598 0.0 1.60 -1.72185888
2 .495092598 0.0 1.80 -1.46747814
2 .495092598 0.0 2.00 -1.08636066
2 .495092598 0.0 2.20 -.69553585
2 .495092598 0.0 2.40 -.36975650
2 .495092598 0.0 2.60 -.18078418
2 .495092598 0.0 2.80 -.08458630
2 .495092598 0.0 3.00 -.04016067
2 .495092598 0.0 3.20 -.02018038
2 .495092598 0.0 3.40 -.01118881
2 .495092598 0.0 3.60 -.00718042
2 .495092598 0.0 3.80 -.00540353
2 .495092598 0.0 4.00 -.00452883
2 .495092598 0.0 4.20 -.00395691
2 .495092598 0.0 4.40 -.00344739
2 .495092598 0.0 4.60 -.00292642
2 .495092598 0.0 4.80 -.00239340
2 .495092598 0.0 5.00 -.00186470
2 .495092598 0.0 5.20 -.00136658
2 .495092598 0.0 5.40 -.00092238
2 .495092598 0.0 5.60 -.00053354
2 .495092598 0.0 5.80 -.00021013
2 .495092598 0.0 6.00 .00004238
3 .990185196 0.0 -5.00 8.44851720
3 .990185196 0.0 -4.80 9.20962376
3 .990185196 0.0 -4.60 7.80188823
3 .990185196 0.0 -4.40 5.09490563
3 .990185196 0.0 -4.20 2.42266294
3 .990185196 0.0 -4.00 .56245111
3 .990185196 0.0 -3.80 -.38961128
3 .990185196 0.0 -3.60 -.60317982
3 .990185196 0.0 -3.40 -.14659054
3 .990185196 0.0 -3.20 1.11175781
3 .990185196 0.0 -3.00 3.29942528
3 .990185196 0.0 -2.80 6.11332582
3 .990185196 0.0 -2.60 8.51392008
3 .990185196 0.0 -2.40 9.18514123
3 .990185196 0.0 -2.20 7.69704462
3 .990185196 0.0 -2.00 4.95917337
3 .990185196 0.0 -1.80 2.29830988
3 .990185196 0.0 -1.60 .45931766
3 .990185196 0.0 -1.40 -.49147918
3 .990185196 0.0 -1.20 -.74955074
3 .990185196 0.0 -1.00 -.40872669
3 .990185196 0.0 -.80 .65613659
3 .990185196 0.0 -.60 2.62464450
3 .990185196 0.0 -.40 5.32871698
3 .990185196 0.0 -.20 7.87238433
3 .990185196 0.0 0 8.90246813
3 .990185196 0.0 .20 7.72242478
3 .990185196 0.0 .40 5.01430679
3 .990185196 0.0 .60 2.13253734
3 .990185196 0.0 .80 -.00745078
3 .990185196 0.0 1.00 -1.21632709
3 .990185196 0.0 1.20 -1.69911866
3 .990185196 0.0 1.40 -1.72921762
3 .990185196 0.0 1.60 -1.51597202
3 .990185196 0.0 1.80 -1.19370685
3 .990185196 0.0 2.00 -.84367018
3 .990185196 0.0 2.20 -.50980868
3 .990185196 0.0 2.40 -.26666404
3 .990185196 0.0 2.60 -.13083502
3 .990185196 0.0 2.80 -.06240629
3 .990185196 0.0 3.00 -.03053292
3 .990185196 0.0 3.20 -.01601755
3 .990185196 0.0 3.40 -.00946026
3 .990185196 0.0 3.60 -.00653477
3 .990185196 0.0 3.80 -.00520664
3 .990185196 0.0 4.00 -.00450964
3 .990185196 0.0 4.20 -.00399098
3 .990185196 0.0 4.40 -.00348782
3 .990185196 0.0 4.60 -.00295988
3 .990185196 0.0 4.80 -.00241814
3 .990185196 0.0 5.00 -.00188418
3 .990185196 0.0 5.20 -.00138919
3 .990185196 0.0 5.40 -.00095327
3 .990185196 0.0 5.60 -.00057229
3 .990185196 0.0 5.80 -.00025128
3 .990185196 0.0 6.00 -.00000018
4 1.485277794 0.0 -5.00 18.24635194
4 1.485277794 0.0 -4.80 19.91470854
4 1.485277794 0.0 -4.60 16.83367167
4 1.485277794 0.0 -4.40 11.09545747
4 1.485277794 0.0 -4.20 5.68506761
4 1.485277794 0.0 -4.00 2.09172811
4 1.485277794 0.0 -3.80 .31689252
4 1.485277794 0.0 -3.60 -.07447606
4 1.485277794 0.0 -3.40 .76716787
4 1.485277794 0.0 -3.20 3.13940359
4 1.485277794 0.0 -3.00 7.43502109
4 1.485277794 0.0 -2.80 13.23193495
4 1.485277794 0.0 -2.60 18.39195250
4 1.485277794 0.0 -2.40 19.87264874
4 1.485277794 0.0 -2.20 16.62668474
4 1.485277794 0.0 -2.00 10.83239358
4 1.485277794 0.0 -1.80 5.44249008
4 1.485277794 0.0 -1.60 1.85654452
4 1.485277794 0.0 -1.40 -.03070642
4 1.485277794 0.0 -1.20 -.84396188
4 1.485277794 0.0 -1.00 -1.11466552
4 1.485277794 0.0 -.80 -1.12810453
4 1.485277794 0.0 -.60 -.99834294
4 1.485277794 0.0 -.40 -.79850412
4 1.485277794 0.0 -.20 -.63414637
4 1.485277794 0.0 0 -.62324220
4 1.485277794 0.0 .20 -.81960538
4 1.485277794 0.0 .40 -1.16713039
4 1.485277794 0.0 .60 -1.53643165
4 1.485277794 0.0 .80 -1.80416495
4 1.485277794 0.0 1.00 -1.90521691
4 1.485277794 0.0 1.20 -1.83655018
4 1.485277794 0.0 1.40 -1.63494357
4 1.485277794 0.0 1.60 -1.35128194
4 1.485277794 0.0 1.80 -1.03264224
4 1.485277794 0.0 2.00 -.71292870
4 1.485277794 0.0 2.20 -.41546969
4 1.485277794 0.0 2.40 -.21774283
4 1.485277794 0.0 2.60 -.10741318
4 1.485277794 0.0 2.80 -.05191925
4 1.485277794 0.0 3.00 -.02588268
4 1.485277794 0.0 3.20 -.01397937
4 1.485277794 0.0 3.40 -.00860570
4 1.485277794 0.0 3.60 -.00621737
4 1.485277794 0.0 3.80 -.00512244
4 1.485277794 0.0 4.00 -.00449785
4 1.485277794 0.0 4.20 -.00400712
4 1.485277794 0.0 4.40 -.00350412
4 1.485277794 0.0 4.60 -.00297469
4 1.485277794 0.0 4.80 -.00242750
4 1.485277794 0.0 5.00 -.00188636
4 1.485277794 0.0 5.20 -.00138974
4 1.485277794 0.0 5.40 -.00095594
4 1.485277794 0.0 5.60 -.00057805
4 1.485277794 0.0 5.80 -.00025868
4 1.485277794 0.0 6.00 -.00000755
5 .742638897 .428762767 -5.00 -.30880817
5 .742638897 .428762767 -4.80 -.23720002
5 .742638897 .428762767 -4.60 -.35704952
5 .742638897 .428762767 -4.40 -.60282615
5 .742638897 .428762767 -4.20 -.85507331
5 .742638897 .428762767 -4.00 -1.00648502
5 .742638897 .428762767 -3.80 -.96381584
5 .742638897 .428762767 -3.60 -.55747030
5 .742638897 .428762767 -3.40 .58612129
5 .742638897 .428762767 -3.20 3.06429523
5 .742638897 .428762767 -3.00 7.39820955
5 .742638897 .428762767 -2.80 13.21103085
5 .742638897 .428762767 -2.60 18.37814551
5 .742638897 .428762767 -2.40 19.86213040
5 .742638897 .428762767 -2.20 16.62159262
5 .742638897 .428762767 -2.00 10.83936310
5 .742638897 .428762767 -1.80 5.47133304
5 .742638897 .428762767 -1.60 1.93120378
5 .742638897 .428762767 -1.40 .16667638
5 .742638897 .428762767 -1.20 -.29488573
5 .742638897 .428762767 -1.00 .35427748
5 .742638897 .428762767 -.80 2.38707292
5 .742638897 .428762767 -.60 6.26841026
5 .742638897 .428762767 -.40 11.84471025
5 .742638897 .428762767 -.20 17.33573420
5 .742638897 .428762767 0 19.67448920
5 .742638897 .428762767 .20 17.18934456
5 .742638897 .428762767 .40 11.53168852
5 .742638897 .428762767 .60 5.76643896
5 .742638897 .428762767 .80 1.68459592
5 .742638897 .428762767 1.00 -.56170801
5 .742638897 .428762767 1.20 -1.51752026
5 .742638897 .428762767 1.40 -1.73572686
5 .742638897 .428762767 1.60 -1.58368247
5 .742638897 .428762767 1.80 -1.26982660
5 .742638897 .428762767 2.00 -.90849229
5 .742638897 .428762767 2.20 -.55871772
5 .742638897 .428762767 2.40 -.29256553
5 .742638897 .428762767 2.60 -.14324684
5 .742638897 .428762767 2.80 -.06792059
5 .742638897 .428762767 3.00 -.03294166
5 .742638897 .428762767 3.20 -.01705804
5 .742638897 .428762767 3.40 -.00989113
5 .742638897 .428762767 3.60 -.00669619
5 .742638897 .428762767 3.80 -.00525123
5 .742638897 .428762767 4.00 -.00451287
5 .742638897 .428762767 4.20 -.00398081
5 .742638897 .428762767 4.40 -.00347548
5 .742638897 .428762767 4.60 -.00295016
5 .742638897 .428762767 4.80 -.00240934
5 .742638897 .428762767 5.00 -.00187462
5 .742638897 .428762767 5.20 -.00137989
5 .742638897 .428762767 5.40 -.00094122
5 .742638897 .428762767 5.60 -.00056039
5 .742638897 .428762767 5.80 -.00023990
5 .742638897 .428762767 6.00 .00001115
6 1.237731495 .428762767 -5.00 .26755438
6 1.237731495 .428762767 -4.80 .38592698
6 1.237731495 .428762767 -4.60 .19499027
6 1.237731495 .428762767 -4.40 -.19468574
6 1.237731495 .428762767 -4.20 -.57932636
6 1.237731495 .428762767 -4.00 -.75421449
6 1.237731495 .428762767 -3.80 -.44966678
6 1.237731495 .428762767 -3.60 .97817909
6 1.237731495 .428762767 -3.40 5.09592102
6 1.237731495 .428762767 -3.20 15.08583245
6 1.237731495 .428762767 -3.00 35.75914159
6 1.237731495 .428762767 -2.80 70.30791659
6 1.237731495 .428762767 -2.60 109.43432230
6 1.237731495 .428762767 -2.40 122.62336690
6 1.237731495 .428762767 -2.20 95.10142191
6 1.237731495 .428762767 -2.00 55.19419364
6 1.237731495 .428762767 -1.80 26.02647450
6 1.237731495 .428762767 -1.60 10.15263277
6 1.237731495 .428762767 -1.40 2.95725112
6 1.237731495 .428762767 -1.20 .14506252
6 1.237731495 .428762767 -1.00 -.76391431
6 1.237731495 .428762767 -.80 -.89879994
6 1.237731495 .428762767 -.60 -.69409223
6 1.237731495 .428762767 -.40 -.34503765
6 1.237731495 .428762767 -.20 -.03980384
6 1.237731495 .428762767 0 .02721497
6 1.237731495 .428762767 .20 -.23201212
6 1.237731495 .428762767 .40 -.72737278
6 1.237731495 .428762767 .60 -1.25965122
6 1.237731495 .428762767 .80 -1.65450103
6 1.237731495 .428762767 1.00 -1.83486509
6 1.237731495 .428762767 1.20 -1.80904268
6 1.237731495 .428762767 1.40 -1.62846172
6 1.237731495 .428762767 1.60 -1.35364711
6 1.237731495 .428762767 1.80 -1.03756949
6 1.237731495 .428762767 2.00 -.71777969
6 1.237731495 .428762767 2.20 -.41916380
6 1.237731495 .428762767 2.40 -.21956154
6 1.237731495 .428762767 2.60 -.10815832
6 1.237731495 .428762767 2.80 -.05218589
6 1.237731495 .428762767 3.00 -.02598408
6 1.237731495 .428762767 3.20 -.01401372
6 1.237731495 .428762767 3.40 -.00862568
6 1.237731495 .428762767 3.60 -.00623840
6 1.237731495 .428762767 3.80 -.00513428
6 1.237731495 .428762767 4.00 -.00449701
6 1.237731495 .428762767 4.20 -.00400282
6 1.237731495 .428762767 4.40 -.00350359
6 1.237731495 .428762767 4.60 -.00297413
6 1.237731495 .428762767 4.80 -.00242131
6 1.237731495 .428762767 5.00 -.00187705
6 1.237731495 .428762767 5.20 -.00137809
6 1.237731495 .428762767 5.40 -.00094227
6 1.237731495 .428762767 5.60 -.00056424
6 1.237731495 .428762767 5.80 -.00024521
6 1.237731495 .428762767 6.00 .00000530
7 1.485277794 .857525534 -5.00 -1.05572233
7 1.485277794 .857525534 -4.80 -1.02801175
7 1.485277794 .857525534 -4.60 -1.04928531
7 1.485277794 .857525534 -4.40 -1.09760879
7 1.485277794 .857525534 -4.20 -1.10509546
7 1.485277794 .857525534 -4.00 -.91368751
7 1.485277794 .857525534 -3.80 -.07097611
7 1.485277794 .857525534 -3.60 2.74137298
7 1.485277794 .857525534 -3.40 11.04465215
7 1.485277794 .857525534 -3.20 33.47600415
7 1.485277794 .857525534 -3.00 90.28565324
7 1.485277794 .857525534 -2.80 236.74172145
7 1.485277794 .857525534 -2.60 779.09556374
7 1.485277794 .857525534 -2.40 3823.03257565
7 1.485277794 .857525534 -2.20 456.52937628
7 1.485277794 .857525534 -2.00 161.27944461
7 1.485277794 .857525534 -1.80 61.69370278
7 1.485277794 .857525534 -1.60 22.06176220
7 1.485277794 .857525534 -1.40 6.72204080
7 1.485277794 .857525534 -1.20 1.21230599
7 1.485277794 .857525534 -1.00 -.59875958
7 1.485277794 .857525534 -.80 -1.13427207
7 1.485277794 .857525534 -.60 -1.27245815
7 1.485277794 .857525534 -.40 -1.30328911
7 1.485277794 .857525534 -.20 -1.33199330
7 1.485277794 .857525534 0 -1.40900555
7 1.485277794 .857525534 .20 -1.54748351
7 1.485277794 .857525534 .40 -1.71982777
7 1.485277794 .857525534 .60 -1.87064955
7 1.485277794 .857525534 .80 -1.94477052
7 1.485277794 .857525534 1.00 -1.91087104
7 1.485277794 .857525534 1.20 -1.76838460
7 1.485277794 .857525534 1.40 -1.54008679
7 1.485277794 .857525534 1.60 -1.25872011
7 1.485277794 .857525534 1.80 -.95536644
7 1.485277794 .857525534 2.00 -.65395968
7 1.485277794 .857525534 2.20 -.37633128
7 1.485277794 .857525534 2.40 -.19719535
7 1.485277794 .857525534 2.60 -.09740327
7 1.485277794 .857525534 2.80 -.04728635
7 1.485277794 .857525534 3.00 -.02377764
7 1.485277794 .857525534 3.20 -.01304715
7 1.485277794 .857525534 3.40 -.00823328
7 1.485277794 .857525534 3.60 -.00610434
7 1.485277794 .857525534 3.80 -.00510013
7 1.485277794 .857525534 4.00 -.00448991
7 1.485277794 .857525534 4.20 -.00399340
7 1.485277794 .857525534 4.40 -.00351719
7 1.485277794 .857525534 4.60 -.00298760
7 1.485277794 .857525534 4.80 -.00242478
7 1.485277794 .857525534 5.00 -.00187010
7 1.485277794 .857525534 5.20 -.00136700
7 1.485277794 .857525534 5.40 -.00092946
7 1.485277794 .857525534 5.60 -.00054995
7 1.485277794 .857525534 5.80 -.00022920
7 1.485277794 .857525534 6.00 .00001875
8 .742638897 -.428762767 -5.00 18.24018890
8 .742638897 -.428762767 -4.80 19.90436975
8 .742638897 -.428762767 -4.60 16.81917109
8 .742638897 -.428762767 -4.40 11.07131646
8 .742638897 -.428762767 -4.20 5.63947774
8 .742638897 -.428762767 -4.00 1.99161669
8 .742638897 -.428762767 -3.80 .06256221
8 .742638897 -.428762767 -3.60 -.76126942
8 .742638897 -.428762767 -3.40 -1.01001587
8 .742638897 -.428762767 -3.20 -.97264802
8 .742638897 -.428762767 -3.00 -.77646295
8 .742638897 -.428762767 -2.80 -.51409469
8 .742638897 -.428762767 -2.60 -.30216230
8 .742638897 -.428762767 -2.40 -.24974159
8 .742638897 -.428762767 -2.20 -.38795012
8 .742638897 -.428762767 -2.00 -.64603172
8 .742638897 -.428762767 -1.80 -.90459774
8 .742638897 -.428762767 -1.60 -1.06515007
8 .742638897 -.428762767 -1.40 -1.05608140
8 .742638897 -.428762767 -1.20 -.74752157
8 .742638897 -.428762767 -1.00 .18233468
8 .742638897 -.428762767 -.80 2.30252446
8 .742638897 -.428762767 -.60 6.20850119
8 .742638897 -.428762767 -.40 11.79447934
8 .742638897 -.428762767 -.20 17.29378536
8 .742638897 -.428762767 0 19.63964360
8 .742638897 -.428762767 .20 17.15941181
8 .742638897 -.428762767 .40 11.50602940
8 .742638897 -.428762767 .60 5.74597349
8 .742638897 -.428762767 .80 1.67016277
8 .742638897 -.428762767 1.00 -.57031211
8 .742638897 -.428762767 1.20 -1.52138499
8 .742638897 -.428762767 1.40 -1.73627150
8 .742638897 -.428762767 1.60 -1.58220734
8 .742638897 -.428762767 1.80 -1.26732904
8 .742638897 -.428762767 2.00 -.90571703
8 .742638897 -.428762767 2.20 -.55614528
8 .742638897 -.428762767 2.40 -.29126564
8 .742638897 -.428762767 2.60 -.14272339
8 .742638897 -.428762767 2.80 -.06774554
8 .742638897 -.428762767 3.00 -.03289368
8 .742638897 -.428762767 3.20 -.01704925
8 .742638897 -.428762767 3.40 -.00989510
8 .742638897 -.428762767 3.60 -.00670375
8 .742638897 -.428762767 3.80 -.00525766
8 .742638897 -.428762767 4.00 -.00451556
8 .742638897 -.428762767 4.20 -.00398263
8 .742638897 -.428762767 4.40 -.00347949
8 .742638897 -.428762767 4.60 -.00295628
8 .742638897 -.428762767 4.80 -.00241435
8 .742638897 -.428762767 5.00 -.00188118
8 .742638897 -.428762767 5.20 -.00138665
8 .742638897 -.428762767 5.40 -.00094745
8 .742638897 -.428762767 5.60 -.00056589
8 .742638897 -.428762767 5.80 -.00024384
8 .742638897 -.428762767 6.00 .00000835
9 1.237731495 -.428762767 -5.00 108.22928067
9 1.237731495 -.428762767 -4.80 122.94108013
9 1.237731495 -.428762767 -4.60 96.57009545
9 1.237731495 -.428762767 -4.40 56.55779312
9 1.237731495 -.428762767 -4.20 26.86665282
9 1.237731495 -.428762767 -4.00 10.58115783
9 1.237731495 -.428762767 -3.80 3.16678922
9 1.237731495 -.428762767 -3.60 .27183108
9 1.237731495 -.428762767 -3.40 -.64061935
9 1.237731495 -.428762767 -3.20 -.73137511
9 1.237731495 -.428762767 -3.00 -.45979416
9 1.237731495 -.428762767 -2.80 -.05053977
9 1.237731495 -.428762767 -2.60 .28812377
9 1.237731495 -.428762767 -2.40 .37153912
9 1.237731495 -.428762767 -2.20 .14739702
9 1.237731495 -.428762767 -2.00 -.26635899
9 1.237731495 -.428762767 -1.80 -.68121131
9 1.237731495 -.428762767 -1.60 -.97125009
9 1.237731495 -.428762767 -1.40 -1.11943569
9 1.237731495 -.428762767 -1.20 -1.16801536
9 1.237731495 -.428762767 -1.00 -1.14264708
9 1.237731495 -.428762767 -.80 -1.01969467
9 1.237731495 -.428762767 -.60 -.76467422
9 1.237731495 -.428762767 -.40 -.41131689
9 1.237731495 -.428762767 -.20 -.10316883
9 1.237731495 -.428762767 0 -.02823884
9 1.237731495 -.428762767 .20 -.27698407
9 1.237731495 -.428762767 .40 -.76152070
9 1.237731495 -.428762767 .60 -1.28358749
9 1.237731495 -.428762767 .80 -1.66923352
9 1.237731495 -.428762767 1.00 -1.84171372
9 1.237731495 -.428762767 1.20 -1.80986931
9 1.237731495 -.428762767 1.40 -1.62508763
9 1.237731495 -.428762767 1.60 -1.34782455
9 1.237731495 -.428762767 1.80 -1.03080914
9 1.237731495 -.428762767 2.00 -.71123284
9 1.237731495 -.428762767 2.20 -.41406996
9 1.237731495 -.428762767 2.40 -.21714330
9 1.237731495 -.428762767 2.60 -.10720217
9 1.237731495 -.428762767 2.80 -.05187479
9 1.237731495 -.428762767 3.00 -.02589122
9 1.237731495 -.428762767 3.20 -.01399530
9 1.237731495 -.428762767 3.40 -.00863139
9 1.237731495 -.428762767 3.60 -.00624938
9 1.237731495 -.428762767 3.80 -.00514272
9 1.237731495 -.428762767 4.00 -.00450370
9 1.237731495 -.428762767 4.20 -.00400862
9 1.237731495 -.428762767 4.40 -.00351186
9 1.237731495 -.428762767 4.60 -.00298507
9 1.237731495 -.428762767 4.80 -.00243471
9 1.237731495 -.428762767 5.00 -.00189210
9 1.237731495 -.428762767 5.20 -.00139484
9 1.237731495 -.428762767 5.40 -.00095826
9 1.237731495 -.428762767 5.60 -.00057851
9 1.237731495 -.428762767 5.80 -.00025544
9 1.237731495 -.428762767 6.00 -.00000468
10 1.485277794 -.857525534 -5.00 735.82477266
10 1.485277794 -.857525534 -4.80 4757.99019704
10 1.485277794 -.857525534 -4.60 477.50977195
10 1.485277794 -.857525534 -4.40 167.11030290
10 1.485277794 -.857525534 -4.20 63.97082493
10 1.485277794 -.857525534 -4.00 22.97362057
10 1.485277794 -.857525534 -3.80 7.07951598
10 1.485277794 -.857525534 -3.60 1.36673105
10 1.485277794 -.857525534 -3.40 -.49915578
10 1.485277794 -.857525534 -3.20 -1.02408810
10 1.485277794 -.857525534 -3.00 -1.11747130
10 1.485277794 -.857525534 -2.80 -1.08572163
10 1.485277794 -.857525534 -2.60 -1.04359476
10 1.485277794 -.857525534 -2.40 -1.04134992
10 1.485277794 -.857525534 -2.20 -1.08610713
10 1.485277794 -.857525534 -2.00 -1.14932829
10 1.485277794 -.857525534 -1.80 -1.19113378
10 1.485277794 -.857525534 -1.60 -1.19331372
10 1.485277794 -.857525534 -1.40 -1.17544820
10 1.485277794 -.857525534 -1.20 -1.17733972
10 1.485277794 -.857525534 -1.00 -1.22072445
10 1.485277794 -.857525534 -.80 -1.28912573
10 1.485277794 -.857525534 -.60 -1.34846056
10 1.485277794 -.857525534 -.40 -1.38486717
10 1.485277794 -.857525534 -.20 -1.41993358
10 1.485277794 -.857525534 0 -1.49088633
10 1.485277794 -.857525534 .20 -1.61522686
10 1.485277794 -.857525534 .40 -1.77068577
10 1.485277794 -.857525534 .60 -1.90501542
10 1.485277794 -.857525534 .80 -1.96459061
10 1.485277794 -.857525534 1.00 -1.91886499
10 1.485277794 -.857525534 1.20 -1.76757212
10 1.485277794 -.857525534 1.40 -1.53342939
10 1.485277794 -.857525534 1.60 -1.24883993
10 1.485277794 -.857525534 1.80 -.94447197
10 1.485277794 -.857525534 2.00 -.64367498
10 1.485277794 -.857525534 2.20 -.36893385
10 1.485277794 -.857525534 2.40 -.19367857
10 1.485277794 -.857525534 2.60 -.09602585
10 1.485277794 -.857525534 2.80 -.04682181
10 1.485277794 -.857525534 3.00 -.02363795
10 1.485277794 -.857525534 3.20 -.01301727
10 1.485277794 -.857525534 3.40 -.00824131
10 1.485277794 -.857525534 3.60 -.00612352
10 1.485277794 -.857525534 3.80 -.00511722
10 1.485277794 -.857525534 4.00 -.00450183
10 1.485277794 -.857525534 4.20 -.00400166
10 1.485277794 -.857525534 4.40 -.00352481
10 1.485277794 -.857525534 4.60 -.00300186
10 1.485277794 -.857525534 4.80 -.00244570
10 1.485277794 -.857525534 5.00 -.00189454
10 1.485277794 -.857525534 5.20 -.00139260
10 1.485277794 -.857525534 5.40 -.00095448
10 1.485277794 -.857525534 5.60 -.00057310
10 1.485277794 -.857525534 5.80 -.00024970
10 1.485277794 -.857525534 6.00 0
