 
  Demonstrate NLLSQ   
 NO OF DATA POINTS IS 100   NO OF PARAMETERS IS  4   NO OF INDEPENDENT VARIABLES IS  3
 DELTA= 0.49999999E-04   E= 0.49999999E-04   FF= 0.40000000E+01   GAMCR= 0.45000000E+02
   T= 0.20000000E+01   TAU= 0.10000000E-02   ZETA= 0.99999998E-31   AL= 0.10000000E+00
 
  Demonstrate NLLSQ   
 CONVERGENCE BY EPSILON TEST

 NO OF ITERATIONS =  1
 PHI = 0.12506464E+02    LAMBDA = 0.10000000E-01
 PARAMETERS
    0.50000547E+00   0.30000329E+00   0.50000548E+00   0.10000110E+00
 GAMMA = 0.34885009E-01    LENGTH OF DB = 0.19763040E+01
 DB CORRECTION VECTOR
    0.54730797E-05   0.32823525E-05   0.54792127E-05   0.10954028E-05

 PTP INVERSE

 COLUMNS   1  THROUGH   4
    0.59100866E+02  -0.15806886E+02   0.22625708E+02  -0.11076731E+02
   -0.15806886E+02   0.43437009E+01  -0.58514886E+01   0.28838771E+01
    0.22625607E+02  -0.58514622E+01   0.10272996E+02  -0.46293707E+01
   -0.11076710E+02   0.28838718E+01  -0.46293821E+01   0.21799967E+01

 PARAMETER CORRELATION COEFFICIENTS

 COLUMNS   1  THROUGH   4
    1.0000  -0.9866   0.9182  -0.9759
   -0.9866   1.0000  -0.8760   0.9372
    0.9182  -0.8760   1.0000  -0.9782
   -0.9759   0.9372  -0.9782   1.0000

                X            OBSERVED           PREDICTED          RESIDUAL

    1    0.10000000E-01     0.21094698E-11     0.20302145E+00    -0.20302145E+00
    2    0.20000000E-01     0.56760758E-11     0.20709824E+00    -0.20709824E+00
    3    0.30000000E-01     0.14976309E-10     0.21126736E+00    -0.21126736E+00
    4    0.40000000E-01     0.38748023E-10     0.21552751E+00    -0.21552751E+00
    5    0.50000000E-01     0.98308083E-10     0.21987720E+00    -0.21987720E+00
    6    0.60000000E-01     0.24458566E-09     0.22431474E+00    -0.22431474E+00
    7    0.70000000E-01     0.59673623E-09     0.22883831E+00    -0.22883831E+00
    8    0.80000000E-01     0.14277479E-08     0.23344587E+00    -0.23344587E+00
    9    0.90000000E-01     0.33500156E-08     0.23813523E+00    -0.23813523E+00
   10    0.10000000E+00     0.77086327E-08     0.24290404E+00    -0.24290403E+00
   11    0.11000000E+00     0.17396132E-07     0.24774976E+00    -0.24774974E+00
   12    0.12000000E+00     0.38501981E-07     0.25266969E+00    -0.25266965E+00
   13    0.13000000E+00     0.83575564E-07     0.25766097E+00    -0.25766089E+00
   14    0.14000000E+00     0.17793157E-06     0.26272059E+00    -0.26272042E+00
   15    0.15000000E+00     0.37154933E-06     0.26784539E+00    -0.26784502E+00
   16    0.16000000E+00     0.76099695E-06     0.27303206E+00    -0.27303129E+00
   17    0.17000000E+00     0.15288554E-05     0.27827713E+00    -0.27827560E+00
   18    0.18000000E+00     0.30128815E-05     0.28357704E+00    -0.28357402E+00
   19    0.19000000E+00     0.58243304E-05     0.28892806E+00    -0.28892224E+00
   20    0.20000000E+00     0.11045252E-04     0.29432638E+00    -0.29431534E+00
   21    0.21000000E+00     0.20548944E-04     0.29976806E+00    -0.29974751E+00
   22    0.22000000E+00     0.37506607E-04     0.30524906E+00    -0.30521155E+00
   23    0.23000000E+00     0.67166385E-04     0.31076525E+00    -0.31069808E+00
   24    0.24000000E+00     0.11801723E-03     0.31631241E+00    -0.31619439E+00
   25    0.25000000E+00     0.20347605E-03     0.32188626E+00    -0.32168279E+00
   26    0.26000000E+00     0.34425701E-03     0.32748245E+00    -0.32713820E+00
   27    0.27000000E+00     0.57158840E-03     0.33309658E+00    -0.33252499E+00
   28    0.28000000E+00     0.93142330E-03     0.33872420E+00    -0.33779278E+00
   29    0.29000000E+00     0.14897335E-02     0.34436083E+00    -0.34287110E+00
   30    0.30000000E+00     0.23388678E-02     0.35000197E+00    -0.34766311E+00
   31    0.31000000E+00     0.36047858E-02     0.35564312E+00    -0.35203833E+00
   32    0.32000000E+00     0.54547498E-02     0.36127975E+00    -0.35582500E+00
   33    0.33000000E+00     0.81047715E-02     0.36690738E+00    -0.35880261E+00
   34    0.34000000E+00     0.11825809E-01     0.37252152E+00    -0.36069571E+00
   35    0.35000000E+00     0.16947428E-01     0.37811772E+00    -0.36117030E+00
   36    0.36000000E+00     0.23857442E-01     0.38369159E+00    -0.35983415E+00
   37    0.37000000E+00     0.32996030E-01     0.38923877E+00    -0.35624274E+00
   38    0.38000000E+00     0.44843013E-01     0.39475498E+00    -0.34991197E+00
   39    0.39000000E+00     0.59897468E-01     0.40023601E+00    -0.34033854E+00
   40    0.40000000E+00     0.78649607E-01     0.40567771E+00    -0.32702810E+00
   41    0.41000000E+00     0.10154590E+00     0.41107606E+00    -0.30953016E+00
   42    0.42000000E+00     0.12894952E+00     0.41642712E+00    -0.28747760E+00
   43    0.43000000E+00     0.16109941E+00     0.42172706E+00    -0.26062765E+00
   44    0.44000000E+00     0.19807196E+00     0.42697217E+00    -0.22890022E+00
   45    0.45000000E+00     0.23975006E+00     0.43215888E+00    -0.19240881E+00
   46    0.46000000E+00     0.28580383E+00     0.43728372E+00    -0.15147989E+00
   47    0.47000000E+00     0.33568662E+00     0.44234338E+00    -0.10665676E+00
   48    0.48000000E+00     0.38864871E+00     0.44733471E+00    -0.58686007E-01
   49    0.49000000E+00     0.44376854E+00     0.45225469E+00    -0.84861478E-02
   50    0.50000000E+00     0.50000000E+00     0.45710046E+00     0.42899543E-01
   51    0.51000000E+00     0.55623146E+00     0.46186932E+00     0.94362141E-01
   52    0.52000000E+00     0.61135129E+00     0.46655874E+00     0.14479256E+00
   53    0.53000000E+00     0.66431338E+00     0.47116635E+00     0.19314703E+00
   54    0.54000000E+00     0.71419617E+00     0.47568997E+00     0.23850620E+00
   55    0.55000000E+00     0.76024994E+00     0.48012758E+00     0.28012236E+00
   56    0.56000000E+00     0.80192804E+00     0.48447732E+00     0.31745072E+00
   57    0.57000000E+00     0.83890059E+00     0.48873753E+00     0.35016306E+00
   58    0.58000000E+00     0.87105048E+00     0.49290672E+00     0.37814376E+00
   59    0.59000000E+00     0.89845410E+00     0.49698356E+00     0.40147054E+00
   60    0.60000000E+00     0.92135039E+00     0.50096692E+00     0.42038348E+00
   61    0.61000000E+00     0.94010253E+00     0.50485582E+00     0.43524671E+00
   62    0.62000000E+00     0.95515699E+00     0.50864948E+00     0.44650751E+00
   63    0.63000000E+00     0.96700397E+00     0.51234726E+00     0.45465671E+00
   64    0.64000000E+00     0.97614256E+00     0.51594871E+00     0.46019385E+00
   65    0.65000000E+00     0.98305257E+00     0.51945352E+00     0.46359905E+00
   66    0.66000000E+00     0.98817419E+00     0.52286157E+00     0.46531262E+00
   67    0.67000000E+00     0.99189523E+00     0.52617288E+00     0.46572235E+00
   68    0.68000000E+00     0.99454525E+00     0.52938762E+00     0.46515763E+00
   69    0.69000000E+00     0.99639521E+00     0.53250612E+00     0.46388910E+00
   70    0.70000000E+00     0.99766113E+00     0.53552882E+00     0.46213231E+00
   71    0.71000000E+00     0.99851027E+00     0.53845634E+00     0.46005393E+00
   72    0.72000000E+00     0.99906858E+00     0.54128941E+00     0.45777917E+00
   73    0.73000000E+00     0.99942841E+00     0.54402887E+00     0.45539954E+00
   74    0.74000000E+00     0.99965574E+00     0.54667571E+00     0.45298004E+00
   75    0.75000000E+00     0.99979652E+00     0.54923100E+00     0.45056552E+00
   76    0.76000000E+00     0.99988198E+00     0.55169595E+00     0.44818603E+00
   77    0.77000000E+00     0.99993283E+00     0.55407185E+00     0.44586098E+00
   78    0.78000000E+00     0.99996249E+00     0.55636008E+00     0.44360241E+00
   79    0.79000000E+00     0.99997945E+00     0.55856212E+00     0.44141733E+00
   80    0.80000000E+00     0.99998895E+00     0.56067952E+00     0.43930944E+00
   81    0.81000000E+00     0.99999418E+00     0.56271390E+00     0.43728028E+00
   82    0.82000000E+00     0.99999699E+00     0.56466695E+00     0.43533004E+00
   83    0.83000000E+00     0.99999847E+00     0.56654043E+00     0.43345804E+00
   84    0.84000000E+00     0.99999924E+00     0.56833614E+00     0.43166309E+00
   85    0.85000000E+00     0.99999963E+00     0.57005594E+00     0.42994369E+00
   86    0.86000000E+00     0.99999982E+00     0.57170171E+00     0.42829811E+00
   87    0.87000000E+00     0.99999992E+00     0.57327539E+00     0.42672452E+00
   88    0.88000000E+00     0.99999996E+00     0.57477893E+00     0.42522103E+00
   89    0.89000000E+00     0.99999998E+00     0.57621430E+00     0.42378568E+00
   90    0.90000000E+00     0.99999999E+00     0.57758350E+00     0.42241649E+00
   91    0.91000000E+00     0.10000000E+01     0.57888854E+00     0.42111146E+00
   92    0.92000000E+00     0.10000000E+01     0.58013143E+00     0.41986857E+00
   93    0.93000000E+00     0.10000000E+01     0.58131417E+00     0.41868582E+00
   94    0.94000000E+00     0.10000000E+01     0.58243880E+00     0.41756120E+00
   95    0.95000000E+00     0.10000000E+01     0.58350729E+00     0.41649271E+00
   96    0.96000000E+00     0.10000000E+01     0.58452165E+00     0.41547835E+00
   97    0.97000000E+00     0.10000000E+01     0.58548384E+00     0.41451616E+00
   98    0.98000000E+00     0.10000000E+01     0.58639583E+00     0.41360417E+00
   99    0.99000000E+00     0.10000000E+01     0.58725953E+00     0.41274047E+00
  100    0.10000000E+01     0.10000000E+01     0.58807685E+00     0.41192315E+00

              STD                   NE - PARAMETER                      SUPPORT PLANE
  PARA       ERROR             LOWER             UPPER             LOWER             UPPER
    1    0.27747801E+01   -0.50495547E+01    0.60495657E+01   -0.10599115E+02    0.11599126E+02
    2    0.75224897E+00   -0.12044946E+01    0.18045012E+01   -0.27089926E+01    0.33089992E+01
    3    0.11568584E+01   -0.18137113E+01    0.28137223E+01   -0.41274281E+01    0.51274390E+01
    4    0.53291699E+00   -0.96583289E+00    0.11658351E+01   -0.20316669E+01    0.22316691E+01
 
