  1     0.000     0.100     0.053
  2     0.010     0.057     0.053
  3     0.020     0.097     0.053
  4     0.030     0.075     0.053
  5     0.040     0.037     0.053
  6     0.050     0.048     0.053
  7     0.060     0.007     0.053
  8     0.070     0.001     0.053
  9     0.080     0.035     0.053
 10     0.090     0.034     0.053
 11     0.100     0.022     0.053
 12     0.110     0.013     0.053
 13     0.120     0.090     0.053
 14     0.130     0.039     0.053
 15     0.140     0.045     0.053
 16     0.150     0.066     0.053
 17     0.160     0.002     0.053
 18     0.170     0.065     0.053
 19     0.180     0.065     0.053
 20     0.190     0.032     0.053
 21     0.200     0.086     0.053
 22     0.210     0.040     0.053
 23     0.220     0.021     0.053
 24     0.230     0.097     0.053
 25     0.240     0.060     0.053
 26     0.250     0.068     0.053
 27     0.260     0.046     0.053
 28     0.270     0.034     0.053
 29     0.280     0.011     0.054
 30     0.290     0.077     0.054
 31     0.300     0.063     0.055
 32     0.310     0.076     0.057
 33     0.320     0.095     0.059
 34     0.330     0.074     0.062
 35     0.340     0.027     0.066
 36     0.350     0.078     0.071
 37     0.360     0.122     0.079
 38     0.370     0.133     0.088
 39     0.380     0.071     0.101
 40     0.390     0.115     0.117
 41     0.400     0.145     0.137
 42     0.410     0.157     0.161
 43     0.420     0.227     0.189
 44     0.430     0.251     0.223
 45     0.440     0.264     0.261
 46     0.450     0.313     0.304
 47     0.460     0.326     0.351
 48     0.470     0.429     0.401
 49     0.480     0.403     0.455
 50     0.490     0.511     0.510
 51     0.500     0.577     0.566
 52     0.510     0.590     0.622
 53     0.520     0.623     0.677
 54     0.530     0.726     0.729
 55     0.540     0.796     0.777
 56     0.550     0.855     0.822
 57     0.560     0.875     0.862
 58     0.570     0.889     0.898
 59     0.580     0.909     0.928
 60     0.590     0.941     0.954
 61     0.600     0.977     0.976
 62     0.610     1.040     0.993
 63     0.620     1.054     1.007
 64     0.630     1.042     1.018
 65     0.640     1.072     1.027
 66     0.650     0.992     1.033
 67     0.660     1.062     1.037
 68     0.670     1.067     1.041
 69     0.680     1.089     1.043
 70     0.690     1.067     1.045
 71     0.700     1.079     1.046
 72     0.710     1.054     1.047
 73     0.720     1.005     1.047
 74     0.730     1.047     1.047
 75     0.740     1.059     1.048
 76     0.750     1.014     1.048
 77     0.760     1.059     1.048
 78     0.770     1.052     1.048
 79     0.780     1.089     1.048
 80     0.790     1.030     1.048
 81     0.800     1.067     1.048
 82     0.810     1.066     1.048
 83     0.820     1.050     1.048
 84     0.830     1.026     1.048
 85     0.840     1.008     1.048
 86     0.850     1.010     1.048
 87     0.860     1.055     1.048
 88     0.870     1.038     1.048
 89     0.880     1.002     1.048
 90     0.890     1.079     1.048
 91     0.900     1.062     1.048
 92     0.910     1.077     1.048
 93     0.920     1.095     1.048
 94     0.930     1.011     1.048
 95     0.940     1.032     1.048
 96     0.950     1.060     1.048
 97     0.960     1.005     1.048
 98     0.970     1.011     1.048
 99     0.980     1.022     1.048
100     0.990     1.010     1.048
101     1.000     1.007     1.048
