  1     0.000     0.100     0.056
  2     0.010     0.057     0.056
  3     0.020     0.097     0.056
  4     0.030     0.075     0.056
  5     0.040     0.037     0.056
  6     0.050     0.048     0.056
  7     0.060     0.007     0.056
  8     0.070     0.001     0.056
  9     0.080     0.035     0.056
 10     0.090     0.034     0.056
 11     0.100     0.022     0.056
 12     0.110     0.013     0.056
 13     0.120     0.090     0.056
 14     0.130     0.039     0.056
 15     0.140     0.045     0.056
 16     0.150     0.066     0.056
 17     0.160     0.002     0.056
 18     0.170     0.065     0.056
 19     0.180     0.065     0.056
 20     0.190     0.032     0.056
 21     0.200     0.086     0.056
 22     0.210     0.040     0.056
 23     0.220     0.021     0.056
 24     0.230     0.097     0.056
 25     0.240     0.060     0.056
 26     0.250     0.068     0.056
 27     0.260     0.046     0.056
 28     0.270     0.034     0.056
 29     0.280     0.011     0.057
 30     0.290     0.077     0.057
 31     0.300     0.063     0.058
 32     0.310     0.076     0.059
 33     0.320     0.095     0.061
 34     0.330     0.074     0.064
 35     0.340     0.027     0.067
 36     0.350     0.078     0.072
 37     0.360     0.122     0.079
 38     0.370     0.133     0.088
 39     0.380     0.071     0.100
 40     0.390     0.115     0.114
 41     0.400     0.145     0.133
 42     0.410     0.157     0.156
 43     0.420     0.227     0.183
 44     0.430     0.251     0.215
 45     0.440     0.264     0.252
 46     0.450     0.313     0.293
 47     0.460     0.326     0.339
 48     0.470     0.429     0.389
 49     0.480     0.403     0.442
 50     0.490     0.511     0.497
 51     0.500     0.577     0.553
 52     0.510     0.590     0.609
 53     0.520     0.623     0.664
 54     0.530     0.726     0.717
 55     0.540     0.796     0.767
 56     0.550     0.855     0.813
 57     0.560     0.875     0.855
 58     0.570     0.889     0.892
 59     0.580     0.909     0.923
 60     0.590     0.941     0.951
 61     0.600     0.977     0.973
 62     0.610     1.040     0.992
 63     0.620     1.054     1.007
 64     0.630     1.042     1.018
 65     0.640     1.072     1.027
 66     0.650     0.992     1.034
 67     0.660     1.062     1.039
 68     0.670     1.067     1.043
 69     0.680     1.089     1.045
 70     0.690     1.067     1.047
 71     0.700     1.079     1.048
 72     0.710     1.054     1.049
 73     0.720     1.005     1.050
 74     0.730     1.047     1.050
 75     0.740     1.059     1.050
 76     0.750     1.014     1.050
 77     0.760     1.059     1.050
 78     0.770     1.052     1.050
 79     0.780     1.089     1.050
 80     0.790     1.030     1.050
 81     0.800     1.067     1.050
 82     0.810     1.066     1.050
 83     0.820     1.050     1.050
 84     0.830     1.026     1.050
 85     0.840     1.008     1.050
 86     0.850     1.010     1.050
 87     0.860     1.055     1.050
 88     0.870     1.038     1.050
 89     0.880     1.002     1.050
 90     0.890     1.079     1.050
 91     0.900     1.062     1.050
 92     0.910     1.077     1.050
 93     0.920     1.095     1.050
 94     0.930     1.011     1.050
 95     0.940     1.032     1.050
 96     0.950     1.060     1.050
 97     0.960     1.005     1.050
 98     0.970     1.011     1.050
 99     0.980     1.022     1.050
100     0.990     1.010     1.050
101     1.000     1.007     1.050
